0: [92, 37, 13, 42, 94, 43, 82, 54, 79, 25]
1: [80]
2: [45]
3: [99]
4: [2, 62, 52, 30, 67, 58]
5: [82, 25, 49, 45, 33, 79, 85]
6: [3, 60, 40, 37]
7: [49, 47, 15, 62, 61, 56, 8, 27]
8: [13, 67, 6, 78, 0, 64, 96, 86, 24]
9: [63, 84, 93, 66, 73]
10: [7, 57, 19, 90, 14, 51, 47, 88, 11, 74]
11: [35, 18, 12, 38, 69, 96]
12: [10]
13: [62, 9, 46, 3, 81, 5, 80, 96, 24]
14: [61]
15: [56, 95, 13, 86, 94, 20, 10, 44]
16: [99, 26, 56, 59, 4, 74, 41, 20, 76]
17: [99, 92, 62, 6, 7]
18: [0, 90, 96, 73]
19: [79, 60, 52, 34, 97, 17, 56, 7, 65]
20: [25, 67, 86, 19, 46, 27, 96, 54, 47, 39]
21: [84, 11, 33, 30, 71, 72, 4]
22: [47, 67, 14, 76]
23: [85, 68, 95, 83, 66]
24: [40, 86, 68, 65, 10, 59]
25: [11, 20]
26: [28, 81]
27: [60]
28: [82, 33, 56, 80, 26]
29: [25]
30: [2]
31: [83, 34]
32: [44, 86, 54]
33: [60, 2, 91, 6, 70, 21, 42, 56]
34: [97, 5, 64, 43, 80, 0, 19, 4, 30, 45]
35: [1, 91, 98, 24, 49, 36, 97, 80, 31]
36: [81, 50, 87, 37, 88, 9, 26]
37: [95, 67, 33]
38: [2, 48, 4, 32, 6, 83, 63, 24, 87]
39: [15, 6, 23, 73, 37, 64, 34, 90, 16, 93]
40: [53, 54, 94, 74, 96, 95, 37, 33]
41: [27, 18]
42: [67, 54, 21, 43, 18]
43: [62]
44: [76]
45: [15]
46: [96, 23, 47, 84, 93, 59, 63, 34, 53]
47: [69, 97, 11, 42, 81, 89, 14]
48: [5, 68]
49: [42, 20, 3, 70, 26, 40, 84]
50: [49, 99, 84, 57, 78, 15, 89, 72]
51: [46, 59, 73]
52: [34, 60, 22, 68]
53: [38, 40, 41, 23, 37, 73, 74, 8, 36, 48]
54: [12, 84, 21, 25, 7, 63, 71, 57]
55: [32, 46]
56: [47, 59, 35]
57: [55]
58: [26]
59: [35, 69, 36, 90, 16, 37, 13]
60: [53, 19, 39, 46, 49, 61, 86, 83, 80]
61: [41, 71, 9, 97]
62: [7, 37]
63: [14, 0, 76, 44, 64, 21, 98, 38, 55]
64: [34, 37, 25, 61]
65: [75, 20, 47, 33, 46, 61, 39]
66: [77, 84, 10, 13, 67, 15]
67: [59, 75, 88]
68: [80, 79, 25, 22, 85, 81, 41, 57, 54, 48]
69: [41, 38, 71, 56, 98, 25]
70: [51, 35, 96, 33, 57, 52, 32, 21]
71: [92, 63, 15]
72: [13, 74]
73: [93]
74: [99, 79, 22, 98]
75: [22, 8, 0, 48, 29, 97]
76: [55, 6, 11, 61, 78]
77: [51, 98, 79, 23, 57, 32, 42, 67]
78: [69, 47, 75]
79: [50, 15, 46, 34, 12, 58]
80: [44, 79, 42]
81: [88, 28, 60, 96, 75, 17]
82: [70]
83: [60, 56, 71, 4, 91, 77, 52, 28, 47, 85]
84: [92, 60, 25, 28, 45]
85: [87, 98, 81]
86: [90, 60]
87: [92, 62, 19, 75]
88: [18, 81, 67, 4, 3, 10]
89: [1, 45, 15, 84, 79, 8, 0, 96, 41, 42]
90: [94, 66, 35, 24, 30, 78, 61]
91: [35, 33, 42, 99]
92: [21]
93: [18, 58]
94: [27, 15, 8, 76, 62, 36, 25, 13]
95: [81, 47]
96: [63, 60, 94, 24, 90, 81, 19, 43, 86]
97: [18, 40, 50, 98, 88, 55, 77, 38]
98: [5, 57, 34, 32]
99: [59]
